NBLOCK= 2
cubetest0.su2
cubetest1.su2
Block= 0
Nconnexion= 1
Nmark= 1
Nelems= 373
0
0
0
0
0
0
0
0
0
0
1
1
1
1
1
1
0
3
0
0
0
2
2
2
3
3
3
3
1
3
3
1
1
1
1
1
1
1
1
1
1
1
1
3
3
3
3
3
1
1
2
1
5
5
2
5
5
1
0
0
0
3
3
3
0
0
0
0
0
4
4
4
4
1
0
4
1
1
5
5
5
1
1
1
1
1
0
0
0
2
2
3
6
3
2
6
6
6
6
0
0
0
0
4
2
3
3
3
6
4
6
4
2
6
6
6
6
6
1
4
1
3
3
3
1
6
1
5
7
5
6
7
7
7
7
7
1
1
1
1
5
7
7
2
2
6
8
6
6
6
8
8
8
3
3
5
5
5
6
8
6
6
6
6
6
6
9
9
9
9
1
1
5
5
2
1
7
6
6
7
7
7
7
7
7
7
7
2
7
7
7
5
5
7
9
9
9
9
9
7
7
3
3
6
3
6
6
6
10
10
10
10
10
10
6
4
4
6
4
6
10
6
6
6
10
11
11
11
11
11
6
5
7
5
6
6
6
7
7
7
11
12
12
12
12
12
7
7
7
7
12
6
8
6
6
10
8
8
10
10
10
10
10
11
11
8
10
6
6
6
6
8
8
9
9
9
10
11
11
11
11
11
9
12
12
6
7
7
7
7
9
9
9
7
7
7
11
12
12
12
12
12
9
7
13
7
7
12
7
8
8
8
11
11
11
8
8
9
9
9
12
12
12
12
13
12
12
10
10
10
10
10
10
10
11
11
11
11
11
11
11
12
12
12
12
12
12
12
10
10
10
10
10
10
11
11
11
10
11
11
11
11
11
11
12
11
12
12
12
12
12
13
12
Block= 1
Nconnexion= 1
Nmark= 0
Nelems= 373
0
0
0
0
0
0
0
0
0
0
1
1
1
0
1
1
0
0
0
0
0
3
0
2
3
3
3
3
0
0
3
1
1
1
1
1
1
1
1
0
1
1
1
3
1
5
0
3
1
1
1
1
2
5
2
2
3
2
0
0
3
3
3
3
0
3
0
0
0
0
4
4
4
0
0
0
1
5
5
5
5
1
1
0
1
5
0
0
3
2
0
3
3
3
6
6
6
6
6
3
0
0
0
0
2
3
3
0
3
4
4
4
6
3
6
6
6
6
0
0
1
3
3
3
1
4
5
5
5
5
3
1
7
7
7
7
1
1
1
1
5
5
1
2
6
6
6
6
6
6
8
8
8
3
3
5
3
9
6
6
3
6
9
6
6
6
9
9
9
9
1
1
5
9
2
2
2
6
9
1
7
7
7
7
7
7
7
2
2
7
7
2
9
2
7
9
8
6
9
7
7
3
3
3
3
6
6
6
6
8
10
10
10
10
3
4
4
4
4
6
6
6
6
11
8
9
11
11
11
11
4
5
5
5
6
6
11
7
7
12
9
10
12
12
12
12
5
7
7
12
10
6
6
6
6
6
8
11
10
11
10
10
10
11
11
6
6
6
6
6
11
9
11
9
9
6
11
11
12
11
11
11
12
12
12
11
7
7
7
12
9
8
9
7
7
7
12
12
13
12
12
12
12
13
13
12
7
13
13
8
8
11
11
11
11
9
11
9
9
12
12
12
12
12
13
13
13
8
10
10
10
10
10
8
9
11
11
11
11
11
9
10
12
12
12
12
10
12
10
10
11
10
10
10
11
11
11
11
11
11
12
11
11
11
12
12
12
12
12
12
12
12
13
